1  12 75 
1  13 79 
1  14 83 
1  15 82 
1  16 78 
1  17 74 
2  10 58 
2  11 61 
2  12 65 
2  13 69 
2  14 72 
2  15 68 
2  16 64 
2  17 60 
2  18 57 
3  8  76 
3  9  62 
3  10 44 
3  11 47 
3  12 51 
3  13 55 
3  14 54 
3  15 50 
3  16 46 
3  17 43 
3  18 59 
3  19 73 
4  7  80 
4  8  66 
4  9  48 
4  10 32 
4  11 37 
4  12 41 
4  13 34 
4  14 40 
4  15 36 
4  16 31 
4  17 45 
4  18 63 
4  19 77 
5  6  84 
5  7  70 
5  8  52 
5  9  38 
5  10 22 
5  11 25 
5  12 29 
5  13 28 
5  14 24 
5  15 21 
5  16 35 
5  17 49 
5  18 67 
5  19 81 
6  5  81 
6  6  71 
6  7  56 
6  8  42 
6  9  26 
6  10 14 
6  11 17 
6  12 20 
6  13 16 
6  14 13 
6  15 23 
6  16 39 
6  17 53 
6  18 71 
6  19 84 
7  4  77 
7  5  67 
7  6  53 
7  7  33 
7  8  30 
7  9  18 
7  10 8  
7  11 11 
7  12 10 
7  13 7  
7  14 15 
7  15 27 
7  16 33 
7  17 56 
7  18 70 
7  19 80 
8  3  73 
8  4  63 
8  5  49 
8  6  39 
8  7  27 
8  8  19 
8  9  12 
8  10 4  
8  11 5  
8  12 3  
8  13 9  
8  14 19 
8  15 30 
8  16 42 
8  17 52 
8  18 66 
8  19 76 
9  3  59 
9  4  45 
9  5  35 
9  6  23 
9  7  15 
9  8  9  
9  9  6  
9  10 2  
9  11 1  
9  12 6  
9  13 12 
9  14 18 
9  15 26 
9  16 38 
9  17 48 
9  18 62 
10 2  57 
10 3  43 
10 4  31 
10 5  21 
10 6  13 
10 7  7  
10 8  3  
10 9  1  
10 11 2  
10 12 4  
10 13 8  
10 14 14 
10 15 22 
10 16 32 
10 17 44 
10 18 58 
11 2  60 
11 3  46 
11 4  36 
11 5  24 
11 6  16 
11 7  10 
11 8  5  
11 9  2  
11 10 1  
11 11 5  
11 12 11 
11 13 17 
11 14 25 
11 15 37 
11 16 47 
11 17 61 
12 1  74 
12 2  64 
12 3  50 
12 4  40 
12 5  28 
12 6  20 
12 7  11 
12 8  4  
12 9  6  
12 10 3  
12 11 10 
12 12 20 
12 13 29 
12 14 41 
12 15 51 
12 16 65 
12 17 75 
13 1  78 
13 2  68 
13 3  54 
13 4  34 
13 5  29 
13 6  17 
13 7  8  
13 8  12 
13 9  9  
13 10 7  
13 11 16 
13 12 28 
13 13 34 
13 14 55 
13 15 69 
13 16 79 
14 1  82 
14 2  72 
14 3  55 
14 4  41 
14 5  25 
14 6  14 
14 7  18 
14 8  19 
14 9  15 
14 10 13 
14 11 24 
14 12 40 
14 13 54 
14 14 72 
14 15 83 
15 1  83 
15 2  69 
15 3  51 
15 4  37 
15 5  22 
15 6  26 
15 7  30 
15 8  27 
15 9  23 
15 10 21 
15 11 36 
15 12 50 
15 13 68 
15 14 82 
16 1  79 
16 2  65 
16 3  47 
16 4  32 
16 5  38 
16 6  42 
16 7  33 
16 8  39 
16 9  35 
16 10 31 
16 11 46 
16 12 64 
16 13 78 
17 1  75 
17 2  61 
17 3  44 
17 4  48 
17 5  52 
17 6  56 
17 7  53 
17 8  49 
17 9  45 
17 10 43 
17 11 60 
17 12 74 
18 2  58 
18 3  62 
18 4  66 
18 5  70 
18 6  71 
18 7  67 
18 8  63 
18 9  59 
18 10 57 
19 3  76 
19 4  80 
19 5  84 
19 6  81 
19 7  77 
19 8  73 
